0.9242198845168835,0.6332309665945041,0.7930925304651767,0.7731563767223815,0.5057698675281967,0.47640153636585314,0.31799791149094186,0.1884358880631195,0.370522952362377,0.785875224526492,0.7071726746034714,0.21403381670842575,0.7345716170415993,0.3737000318228244,0.49743631009375094,0.5482062408281432,0.7310955252637363,0.48775470654551734,0.3184759613035428,0.5030132798162257,0.4093519824814201,0.291602799476727,0.2468449646977799,0.3831542118607833,0.16048383703167624,0.5014441275664497,0.8627931847442358,0.4415478309862976,0.33200129265858275,0.9227906578982623,0.49202031878126956,0.17566491578987659,0.47529487184026104,0.5249636290459261,0.34920812179300015,0.579357163203821,0.48863553548578825,0.4164468014713638,0.8177704194778717,0.5191601903014171,0.5604525181593663,0.07148406632668669,0.26620501850266975,0.19700467046202558,0.7428785807980482,0.3744210955667697,0.7994188752946614,0.478590780294662,0.42163505198742024,0.5860779304188756,0.09118222511847912,0.8091810428451867,0.4142317398215564,0.421598201948591,0.34704165645024543,0.6648298372484025,0.4501862883954995,0.44484156909598477,0.2440006317014452,0.7284276339827889,0.1957059526311224,0.3530886053622317,0.48338679789124195,0.3456894377207466,0.5600793551319989,0.7676168224109302,0.43313185130088705,0.9864898817486034,0.6094403272448714,0.7279205230761618,0.3486757693007153,0.25430246401401063,0.3176330121359638,0.2718946460243882,0.664334611475679,0.33476279263581993,0.8969778114034233,0.29635787972804734,0.7932893900171046,0.6328657921836582,0.39997965612620795,0.43255389393856897,0.6557121183829824,0.4871248475612812,0.6402887809548219,0.4584632817846583,0.5729763508116873,0.5674329760308381,0.5984181776737596,0.04028238145468904,0.7677284217933573,0.7197836697435025,0.5864402682698024,0.09996677296623546,0.33094237783941405,0.3427559248887031,0.6287655319794732,0.48739497800728704,0.8677233829548208,0.5705941884073147
0.6332309665945041,0.26787249220056675,0.6065564426852414,0.4360973869846382,0.027447022927226006,0.6542563058298716,0.8348960285002895,0.1888713790343594,0.3887936031121473,0.6230693498904136,0.8144001140236742,0.41164625786485676,0.547096892532679,0.7945149110393356,0.6703969217101948,0.16545883321107607,0.34081067686374683,0.4634369443895523,0.17188314290645834,0.42096892711215117,0.6542822044779493,0.38696535225719225,0.5528707614257221,0.05232709589696671,0.5251471079040939,0.4254234026337048,0.8951485026055084,0.5445891384384023,0.07281187746339196,0.5725767660556246,0.18952393462999978,0.6670445407626331,0.1946250260814767,0.8764001874286395,0.4089263639705557,0.23043788459956066,0.7331534879483104,0.45673081355683154,0.556043078324739,0.6764310081520482,0.594341823775776,0.6248253382958949,0.3397760746605658,0.9589349184644058,0.5400200410342344,0.15090359063314768,0.33997589715006926,0.2127702324178119,0.368385564390421,0.3121361409092888,0.35986319076585777,0.39392759113862097,0.47937241877494424,0.5747637662768612,0.10879166385165995,0.6322037568988623,0.6688701237090457,0.47948552479197154,0.5091289940008534,0.02011753383655923,0.36811315827866736,0.43660985506894184,0.3178699541224179,0.5389232698260449,0.25556998121188695,0.17041402901330682,0.3414547819031293,0.3821298055192474,0.4894487826661209,0.4759797465117927,0.40641710376273066,0.07483964006839017,0.42758024446186815,0.1396366448667276,0.9272169427813245,0.6591764313979234,0.5441279064872002,0.4912188700982981,0.640042135832366,0.18520901789274619,0.5434316918824873,0.3402806771573107,0.47810512996512095,0.12036401758401338,0.4378043231775212,0.6487020366225991,0.6659253391159764,0.4070358215686431,0.4756733655483245,0.47953965802505116,0.306057636314251,0.9878505267182409,0.7359131583222234,0.6393051664086451,0.7433455095853685,0.392996125513631,0.7622944833477014,0.7679565020781765,0.4381353368298294,0.5969592047014043
0.7930925304651767,0.6065564426852414,0.24771279666430635,0.43024519549658174,0.666897429260756,0.7526354818052976,0.2863193180618505,0.693422463139284,0.5408525411056955,0.337476166604074,0.8151088086055123,0.4751765324505053,0.4178437824705713,0.4354018135000645,0.5760138788133242,0.5543969914284108,0.5158318952774334,0.3375889706940694,0.4702236461916534,0.7229845182784383,0.6167783022164779,0.21240239908136427,0.5608056142040523,0.5195930064149547,0.7710746018454776,0.4963035493498232,0.4572075362302836,0.7957335142145856,0.2078308488232098,0.8328941124242386,0.5711345188987396,0.2805321376514293,0.6588034590980498,0.7408324680612368,0.22353949966159564,0.5437757555484334,0.6253024940549978,0.2902835796976938,0.09539905335861004,0.05308073183740519,0.34344744821966766,0.6202277476222577,0.19730198011818317,0.1527150575721602,0.4181377594611451,0.4777800490995383,0.33535064288377014,0.36724623749999535,0.5656117679172915,0.2392716618054384,0.2533001262865702,0.41624121621679355,0.5074712426414267,0.4944254642616182,0.48256443352699085,0.20985478662893875,0.4160263557417809,0.40943593447445914,0.5452473041089405,0.45780755373747123,0.42867023476818095,0.19465667806797737,0.20878195287553625,0.6609124988380222,0.3499847805692013,0.33434430852666397,0.7469267234734754,0.4609506831822491,0.49071111984293925,0.7241073679866954,0.65944732563893,0.3540784363418699,0.34113075044981805,0.2981668786033951,0.470798284651444,0.5469333384324939,0.6662149976010996,0.8600454540570166,0.020000084625635184,0.6440752172040904,0.45678834708753857,0.33869946028522174,0.5906789578698108,0.9400968774492956,0.5771722497017611,0.09027458166784796,0.5167087178154828,0.6597960600713768,0.1656925229981655,0.1594297806636234,0.7775648796788328,0.7683618684697625,0.5272930162795226,0.45492101149593167,0.6990170938895807,0.7122591472443454,0.4456501579629662,0.601658077571767,0.733110743960665,0.552676524118807
0.7731563767223815,0.4360973869846382,0.43024519549658174,0.9451874107172317,0.8464174793979475,0.8168107678356531,0.4737433617789523,0.9563820805865869,0.6775176195304591,0.4051388404948892,0.4863963051315094,0.6934118619735491,0.41662366292350905,0.3826043421230174,0.6375603594845283,0.2715968823783062,0.3343625575986705,0.6265584283549634,0.8238070925840902,0.34744595217575985,0.312252367299021,0.7224964171802439,0.4591801545402794,0.3352759359937126,0.8187337251309501,0.43905309450714186,0.47189249279272255,0.9733407803612891,0.7805110101801549,0.46094568107079853,0.11662784892219386,0.8645224039823755,0.4659794042330186,0.34084040378587743,0.5628018926281413,0.6487098842782146,0.10807037194506453,0.3197218668768656,0.2491227052945142,0.41689178267128624,0.2797291605040935,0.5550340971570664,0.22346218127599432,0.6086867681540953,0.1579251261830708,0.7389490485156318,0.24086932470368416,0.33692530436473384,0.29378068454558415,0.22320027150630123,0.46345670439792536,0.5441146418259025,0.41746521369377615,0.3748493732183182,0.04353214575411046,0.4944622386625627,0.579832129699863,0.36392528457260975,0.5489197867324115,0.7338313034595405,0.5285895216036374,0.30526805019081804,0.1649061731257906,0.574986131158854,0.40488331139792016,0.7042438471761028,0.7756964431353666,0.5317663702273318,0.33386286557593375,0.18208376431109957,0.5031061335658111,0.7585547311387166,0.28706939340403503,0.4202277952979627,0.5253004696251369,0.4610850501572941,0.7511885273121311,0.9077900720952219,0.20415351759548955,0.43204180885440563,0.8147328965498783,0.45065019957132235,0.6319597068326007,0.41774411484219226,0.5443544635358003,0.05535952787452175,0.38927645210685863,0.2636527929961107,0.382925070941621,0.5787245115425453,0.3263239850650365,0.447831843760331,0.25300640242138145,0.16392189592744377,0.5049464175620313,0.4308332997985603,0.49679120875294763,0.4005072200342575,0.6421496245365957,0.6804373892997742
0.5057698675281967,0.027447022927226006,0.666897429260756,0.8464174793979475,0.957285805261425,0.4758448343815028,0.6450170049231339,0.3209577233619902,0.46540029550796624,0.4894953339252361,0.5476920606595301,0.4203556319442517,0.345628466300219,0.04849490739259116,0.4132316734365205,0.33908968304642545,0.8041941323243911,0.7336072964601088,0.4134399040771548,0.9440440988380061,0.6855366752626492,0.28749256041779536,0.55991347104579,0.9147270361794317,0.41160376102405793,0.7398636527290918,0.5634038158318646,0.08892602641241015,0.6623343071848675,0.4527007588703852,0.2761867664094587,0.361826048302774,0.1258271768024934,0.20591548650764574,0.6763666902066374,0.5485275939735403,0.574318505150338,0.6373568063670848,0.3645222797772579,0.16695554183878042,0.6643961691640001,0.09958581473474587,0.6735689634392459,0.9099228153824628,0.2879967493970842,0.6847320886536438,0.7270871217529402,0.5013394792979142,0.7469522939297499,0.6983937358946651,0.8039621702575692,0.8955530881776247,0.6479711378447386,0.49508302557748235,0.3442508763017698,0.5314165895488671,0.6248413888054332,0.613230606453441,0.3657024328167079,0.37213643406500796,0.7859688901445117,0.6287215977046803,0.7924931990507236,0.19988135188496298,0.5232805488594354,0.7465167568172351,0.6241487879406029,0.5811896101915206,0.53659098317018,0.39113225594178996,0.6812014001991535,0.22909119362645336,0.4047704954349051,0.49615257720806594,0.37431721541139573,0.3285880876659301,0.7137352463033453,0.31373216579462304,0.560493779090441,0.5253338273981794,0.44241477210118835,0.13491430134746651,0.5566091897293567,0.47732255339213175,0.5297774376008889,0.18293083544992433,0.299671414648729,0.7961220793854453,0.6825673889772685,0.30704205078232844,0.23065761820519526,0.28457882619856917,0.6530181776142958,0.40886921729272085,0.646151060452484,0.10488212681323206,0.6852683967392366,0.518973753400394,0.5093753542392554,0.17504123434469188
0.47640153636585314,0.6542563058298716,0.7526354818052976,0.8168107678356531,0.4758448343815028,0.7298370331530234,0.38409857268288117,0.23777487763605526,0.5583475556711393,0.960921300151557,0.3165980634541284,0.5508937179249976,0.5265442105275153,0.7177272200507792,0.6850245759227467,0.21352835933530684,0.5415513517945604,0.4309065266469751,0.6617967437289456,0.4934564447293235,0.20530622429234796,0.5278591030482374,0.3482384337960396,0.273742030797723,0.45723908598146745,0.6922384110647511,0.7819642472236426,0.40410065086357627,0.5113969564672165,0.15569730801597537,0.5123410317093164,0.34947718740474604,0.47012316360062395,0.5626081188726597,0.4488435944571057,0.7595252781167092,0.7172878111249459,0.636481015802473,0.20411477527179084,0.1320535685668816,0.1431782808346596,0.19694642568417792,0.3427374168344341,0.5508008158409214,0.3221986358917823,0.4897087672681829,0.1379672525855874,0.7640497666371842,0.5316868115839084,0.415700993788976,0.851399919886351,0.5355314040960049,0.33614912145479187,0.18997550098037463,0.11587471555264894,0.3054573944429662,0.8971270760014827,0.6451817621007608,0.6429726864566461,0.8909391556976607,0.3841043494306699,0.7018268494392352,0.28393066824917534,0.6100729538291879,0.47210447883356266,0.7720064705214618,0.16207036807455422,0.6751002856226735,0.8294625881413545,0.4042397104303555,0.43886928471197983,0.5561776721394195,0.4772921637191002,0.6658476331763257,0.6105682349921357,0.5517116428129434,0.46602640275794177,0.4337377472223301,0.8403682032214197,0.5763136191407499,0.7531055461119052,0.8588143183316048,0.7486240532479578,0.38294146233243964,0.5127343671236355,0.5761345306194685,0.5309041848302514,0.3581450749973843,0.32624012245779443,0.15885322175614908,0.1687738773995029,0.38944576451015583,0.41096970429128,0.6204373433284203,0.4320457963433565,0.49384718095983926,0.6390654441711561,0.5289503264639039,0.32669035242790495,0.418685637555991
0.31799791149094186,0.8348960285002895,0.2863193180618505,0.4737433617789523,0.6450170049231339,0.38409857268288117,0.181223809027781,0.04548372305997228,0.08252140769652277,0.7736687948533781,0.4478257078810363,0.9492552479498251,0.14168667627022402,0.29757968762561404,0.38887374514715284,0.43500143090397203,0.5702533045378124,0.1985103594770381,0.7392052804239226,0.5303399243020445,0.47526931859651644,0.5117124192846384,0.44604395394976515,0.4508966600924077,0.7264977877851946,0.7904304818738774,0.24019873815327386,0.38422039147291887,0.7254869408635869,0.3708399171900294,0.7947976799684249,0.5382853767527604,0.5170904147882891,0.2229701788906091,0.6024427823115986,0.4144647466395843,0.22337920602509714,0.2077457306899123,0.7212340437773341,0.2629084085773875,0.7372676864813532,0.34519890093911176,0.363938065780757,0.6032193612671692,0.3579225084925873,0.5688401880278378,0.6337544247228823,0.431279654799331,0.7861003799654874,0.04700902811226987,0.5509579925479262,0.9462394952023379,0.6894336927905942,0.5180182418329742,0.526898864470992,0.7036806064409571,0.4559540390009103,0.7374173624528795,0.43575478532963086,0.4344967503015843,0.7501534059015055,0.8397418333175668,0.5627606505326258,0.18152953735539712,0.08253067332568692,0.7172825991715058,0.7538989868421893,0.6722631557568937,0.4535192563112629,0.2544207287176458,0.22885754480844533,0.2538197751853414,0.1950720565642165,0.8224724365664267,0.4613502423050861,0.6076062552261724,0.36880168287666254,0.636831456871295,0.8211312013198451,0.09357438695893472,0.4069612122960764,0.8666378182432015,0.4461604600675325,0.5399596852895447,0.8865211647440194,0.5950013073256366,0.36763355418111215,0.549887903086558,0.20571709713852204,0.1434078856233535,0.7841632953793907,0.6791496042542172,0.2996370823253571,0.4612596945179461,0.45516476570393555,0.6929973031489662,0.3474958575137158,0.44337062986054643,0.780641582967981,0.6368979019728809
0.1884358880631195,0.1888713790343594,0.693422463139284,0.9563820805865869,0.3209577233619902,0.23777487763605526,0.04548372305997228,0.6918019504233833,0.4039265569777657,0.30328308354010175,0.48307668056424485,0.6512775136511649,0.38983154388360114,0.3239825995356522,0.2873807307672314,0.3907643836063086,0.5473351522202614,0.07460027166071564,0.4207030675922382,0.44212329629502195,0.40291236273345976,0.6328760793781711,0.3316276937900064,0.5848127907481769,0.18022824814673577,0.9613387888843504,0.4773148350122311,0.8412834799507662,0.5894123924273077,0.290378737206551,0.18729441782843664,0.5614540042598748,0.4255857090356108,0.5142821070562689,0.6147076926193766,0.423156831597497,0.7040333757747397,0.30873319138748917,0.7030535358353243,0.28201018737449096,0.7044780199711669,0.5979929848858249,0.6953927981670499,0.1473758068323739,0.51838052430001,0.10361232185053254,0.8178337468981599,0.7651080135400286,0.5386254333679672,0.42700968848451337,0.5755745941801682,0.487453458969964,0.7960866628923267,0.8042569169522376,0.6001920981843958,0.5245050005217127,0.4793856655659168,0.65303498066855,0.8686275231121938,0.5159744283002785,0.583357657253823,0.18817310281960847,0.21108067706933958,0.33587916279714847,0.348037531066927,0.6633741043800943,0.6745618331970773,0.5234383678576231,0.341269801225947,0.419154772871394,0.327034586540811,0.1082322052888468,0.1497407792761069,0.5807904446256005,0.5119605588439344,0.34102197698381637,0.7040021664569458,0.6180532927686362,0.4753363384789858,0.5231951323770376,0.7011952844398567,0.3202440496471506,0.5236770500238728,0.16430052732341133,0.39244047866450504,0.2948862858122289,0.5010140757364097,0.8319684244492417,0.8269285055090897,0.38915136517647,0.5544507417852073,0.8403113053744612,0.14285909370357391,0.5484629955199387,0.4445465919512472,0.4466892038574121,0.6034581397395012,0.27068444750641496,0.576924288524289,0.44435662053848746
0.370522952362377,0.3887936031121473,0.5408525411056955,0.6775176195304591,0.46540029550796624,0.5583475556711393,0.08252140769652277,0.4039265569777657,0.3888590603168124,0.4314012174538939,0.3590098341147664,0.4048229534167055,0.4415880660310301,0.9186952881943611,0.5055946721953013,0.3730570481399505,0.06760906461045196,0.45139768095695426,0.8455012711220569,0.8537828143614474,0.6813834816076126,0.6604947354300496,0.37315627901817183,0.733336213705893,0.2955857681270858,0.282258395835401,0.37223183146311034,0.7352904209531845,0.3362846950025749,0.6542819616050294,0.3627081156391979,0.5495313511182519,0.34085636560671007,0.39547805734656377,0.15200614570145876,0.3469297704271985,0.6044449667929636,0.6378413280718218,0.7193431241122339,0.6665248191770619,0.4416584782994704,0.4650862783701842,0.7348789057206384,0.6315966909849632,0.6086025397137313,0.37208534669057347,0.6934737864631075,0.45943887330823513,0.9283596880378944,0.5227640038462742,0.8307696807437202,0.38718479359635993,0.27549707899073544,0.18697133686666462,0.5601547609519199,0.34488063101903665,0.6724291101775397,0.4653964440464727,0.2174083915895122,0.42509459874493044,0.4621067148247397,0.6399536441562081,0.16099461509496682,0.4627414855545103,0.3187288467112288,0.4882925508494059,0.5815585684093582,0.3910869660609652,0.5214003627378818,0.4604282622322963,0.737128004933167,0.41690790409945067,0.42661853872769123,0.4740076034808617,0.559883508203642,0.6607588439496298,0.6664264662088593,0.5559542801532864,0.2638071857743638,0.17101874607134582,0.43333196267319574,0.8557208901866109,0.4106109032701084,0.5172427902456561,0.7067845750181823,0.4544177987795078,0.6776457872429362,0.5147986125869798,0.683104124271346,0.35608018309076966,0.5778164785335336,0.4748047445457858,0.614987703555361,0.4203644538619652,0.2784647730749123,0.4168193871284142,0.4312674137285979,0.5770062182623952,0.6029108157380847,0.5086585621949283
0.785875224526492,0.6230693498904136,0.337476166604074,0.4051388404948892,0.4894953339252361,0.960921300151557,0.7736687948533781,0.30328308354010175,0.4314012174538939,0.5682616023178045,0.32903607035377835,0.5944547600549306,0.46070753984609897,0.6311562476757101,0.3261826555398067,0.10930417994563268,0.8200882282394499,0.5877639065095613,0.4439677775709762,0.6300223135660616,0.22181083796826712,0.5035345636165148,0.884747837897734,0.46158119175427315,0.38419772510136474,0.41765976067371613,0.7044749071662244,0.29792713029779366,0.3885402995537194,0.5249728249150077,0.8238066138527863,0.8770131195312854,0.49868757804852054,0.5046930607692286,0.27639496049971657,0.2986000097113823,0.6912367622422987,0.4959375467480901,0.42543234540714203,0.08452477237247386,0.7679998836469024,0.4006795056648641,0.4836081099198471,0.11605841453865728,0.7191989080963188,0.47270235523242526,0.5370729378388822,0.39116967108916306,0.07991111103941839,0.20282588892805992,0.3418166207024473,0.6464476165365061,0.732652008223259,0.5539340052503896,0.23781739528066342,0.5354190647413951,0.2000754886357834,0.33004063468009454,0.1279435590385915,0.5548901904937227,0.6898411137250993,0.5776808641409228,0.6040169036634123,0.4973184022527848,0.49847320004060663,0.10363932701152434,0.5395311899236753,0.47016198102282886,0.6218724787035572,0.6516262620773741,0.18922523943032576,0.5069788105998695,0.6253353854546015,0.5634203640388383,0.31152289225334157,0.37501319261058513,0.43937803796333313,0.8175636599382112,0.6946690425687579,0.4977404075826577,0.5157468234577884,0.8707507772861522,0.5550851269004242,0.6289131427664127,0.38328433208564944,0.7015847269187643,0.788276493760276,0.7630946444303683,0.4849350599982538,0.5981201010605686,0.39352224594490065,0.510640475935763,0.5037069402229934,0.25773126636567195,0.4078726934800767,0.6266250870763118,0.3337090127331906,0.1666262862917492,0.2810896420704143,0.3746111406187085
0.7071726746034714,0.8144001140236742,0.8151088086055123,0.4863963051315094,0.5476920606595301,0.3165980634541284,0.4478257078810363,0.48307668056424485,0.3590098341147664,0.32903607035377835,0.7707182045917135,0.6236781231718888,0.2601513998920082,0.38198417034347965,0.378100450102206,0.37756227021517963,0.6551867864479376,0.5047522918545777,0.2210332706314953,0.5715299064839048,0.32123572565265623,0.38424807541926465,0.14410087171309682,0.20621544291766702,0.16743499792474248,0.5617476765211454,0.7441880802545582,0.8149428799805531,0.7865912491601585,0.7015853900164997,0.7258971449217713,0.5435788592424158,0.7448296232874676,0.5118002153343992,0.6201334540644104,0.23098369310860922,0.190165947532638,0.36855123122208794,0.37348011657936725,0.4667708720106044,0.48823722137228937,0.5128181176126982,0.6460798812056647,0.2589095082765116,0.27914374027981687,0.5994124776548447,0.8346023422104845,0.3176381049971088,0.5267135212430428,0.8757982207258317,0.4185490986807791,0.38632304321040073,0.7906724953631561,0.4989416655623177,0.48299574813475427,0.3830986966942843,0.5888329509476571,0.2562165969639966,0.9880556307164166,0.2403114345019275,0.39020923974183125,0.2185760553089926,0.4697111633950822,0.793323596739977,0.4497459595225761,0.4030573442774899,0.5191628006483929,0.290558989508219,0.6302451770398343,0.6164303187957426,0.12133468824869753,0.5340677820721766,0.08536973416145033,0.557956077370503,0.42642511576133785,0.742592898907088,0.23367466436223921,0.7760080212797279,0.30843335956411777,0.14591004430478166,0.6711510497512136,0.3403179973245858,0.6375047783298766,0.6279575109722011,0.6113436867768819,0.6399438192378142,0.5798914877372403,0.6837048617866401,0.33528121824890866,0.39770633692343377,0.3684955947584925,0.7272118501441193,0.19729496755697712,0.4108742407048474,0.5029153682925411,0.33034288741874696,0.3536555146614467,0.4769555740077486,0.2625574804440775,0.5084668129643863
0.21403381670842575,0.41164625786485676,0.4751765324505053,0.6934118619735491,0.4203556319442517,0.5508937179249976,0.9492552479498251,0.6512775136511649,0.4048229534167055,0.5944547600549306,0.6236781231718888,0.3503167874754829,0.3782540309535936,0.39746214078376507,0.2776879248713081,0.5272903015446673,0.4962008948640348,0.48795256637260404,0.7804217457561862,0.44854664442384723,0.9130386380030894,0.26593862039211424,0.31946798824782546,0.3450528963170576,0.8381583151387689,0.37998389903198576,0.2336593070157053,0.5773221666287148,0.49915531901417526,0.7309453173278726,0.46665241875628216,0.32882930665265514,0.6040660202250635,0.39634977248617353,0.37664318629868865,0.1834511524659333,0.7123627097125618,0.623523534319342,0.13481738219299505,0.3754527591134082,0.6049270915497198,0.5626338303349192,0.8656122486683535,0.4880885315102146,0.49667728113493437,0.6441962217271547,0.6477142935420475,0.9489760783947611,0.8130819118687072,0.447955490002745,0.8456849965737654,0.7355170910348796,0.16983558032070456,0.4980834330229861,0.27068641342307564,0.7269991601281236,0.30075064354047415,0.6328796834560566,0.4936371975986557,0.6681741613936856,0.8455681183445336,0.3190543170565958,0.58177657912113,0.5293429965628165,0.8266144807540612,0.7104132436160353,0.3723336734526327,0.30302370347908514,0.6090961867101163,0.6480360397757878,0.8574035767032975,0.3416926092041613,0.8175939475145271,0.5935395368371572,0.6426485359445304,0.4002671134708061,0.719043935149459,0.6511293659953283,0.7604336470260994,0.5851941647637072,0.28739321111328003,0.6029150199895987,0.7722544105780189,0.6064427502769717,0.5402534810123323,0.47796772312252617,0.2181926632370914,0.6725382783860634,0.4215151535127161,0.40803910581105585,0.8169817242606845,0.6327832598030043,0.6618595411677629,0.8063284483301396,0.5813019866313454,0.49534814307024877,0.2680087627590182,0.5013687004073062,0.2522751188858682,0.4522531983688363
0.7345716170415993,0.547096892532679,0.4178437824705713,0.41662366292350905,0.345628466300219,0.5265442105275153,0.14168667627022402,0.38983154388360114,0.4415880660310301,0.46070753984609897,0.2601513998920082,0.3782540309535936,0.7396672004402174,0.6513313560700449,0.4505507512997528,0.8849452238288487,0.533246190715821,0.5229570812465392,0.37805542450104057,0.41288126910377615,0.6876842560227123,0.8044966729038884,0.5725441378355014,0.6805389787414358,0.16633474781170038,0.6097963625891324,0.5729411969320188,0.7422523444794027,0.41522834911043704,0.3553115279404288,0.5829139451391916,0.67778837773036,0.4460498268631935,0.24467740105733204,0.5785085422431384,0.37222027418897224,0.530198667040234,0.6416978845536063,0.36348789817768745,0.31159996931724704,0.3001745298264988,0.5458387479157402,0.6225432236237833,0.6302051015959028,0.27005422131247675,0.3210498785581364,0.4362818227660046,0.6896746563636422,0.678202986773299,0.41705160396153923,0.16343845678874847,0.5786486812252936,0.37968583210739315,0.3141028957885279,0.3303878211590047,0.34153267921498803,0.41219662946908087,0.7557183383760795,0.7700525822838595,0.35047717724348443,0.6641867601373919,0.616324907368458,0.5423791853742637,0.5181760042645078,0.09236252047310334,0.3795665217369719,0.5579942785555482,0.3771482447779245,0.5842415828317638,0.7644243114895874,0.6489849910854031,0.47372650325535814,0.16452653531514289,0.3743132635121826,0.4503609736485551,0.15988541958964153,0.5386646549577929,0.638711952879661,0.3107131523004915,0.44701676728859846,0.749866752602488,0.5104688987816676,0.5023732054994208,0.8023973800658026,0.7437355015798339,0.9644017271192189,0.33250790603899016,0.7218787487548401,0.6368676209578954,0.5960277516810804,0.4757022549742267,0.6276240129506134,0.4498493605042656,0.5154303128982014,0.593749415784754,0.579011021109531,0.5640766027875765,0.38606743782379865,0.4010360697458291,0.261013247033405
0.3737000318228244,0.7945149110393356,0.4354018135000645,0.3826043421230174,0.04849490739259116,0.7177272200507792,0.29757968762561404,0.3239825995356522,0.9186952881943611,0.6311562476757101,0.38198417034347965,0.39746214078376507,0.6513313560700449,0.4740413479877954,0.20999531193185672,0.4860164882679855,0.21851336624180362,0.4664401461430799,0.8138707010791779,0.27584247213769403,0.39955056826849655,0.3391454306752888,0.8202393793824575,0.3470057256481375,0.43606546950926084,0.24063271675840708,0.18227764076602265,0.1380345144064119,0.6937114291200418,0.5697170779170022,0.400589229992879,0.5622941942458781,0.24451479288380856,0.9059254065515527,0.576406084452791,0.28298131183495834,0.31546636070460304,0.2593278120863188,0.4411466322148706,0.2825381768801456,0.06964303279067108,0.5281411122123226,0.8458230974488387,0.47389892443840853,0.47931317332667034,0.47005056889638575,0.4035638072108412,0.3785773280667224,0.10086516009240842,0.13893928630290353,0.2328027211632167,0.49839452507123394,0.7829877240839116,0.7999780660705917,0.2502100567360027,0.5328823340517781,0.42109767084605787,0.644904229854025,0.2262520774428985,0.696420811578385,0.7275862292461746,0.8342850984822197,0.6729410192080681,0.14316057825719747,0.43745413227243307,0.5128753329100137,0.6858975404593431,0.8598625380169261,0.4709834681736444,0.6430687888712405,0.47370161281330053,0.22390061064457034,0.4623638576087396,0.2448769903488619,0.4909496689638785,0.8662374639406901,0.38349050055732825,0.6145254047626674,0.5953837512298514,0.4822098364443926,0.8758076624391267,0.8738744981742634,0.8732807957392767,0.5586586822772867,0.6418056637172691,0.8182376767648214,0.323008342392322,0.3346116303510224,0.5648586723691129,0.24138386755830288,0.6276539741868004,0.7082474102605267,0.8203605107161038,0.22734666772542933,0.2038238469973439,0.8261607149376656,0.5933627637524276,0.3201038400293535,0.02283744578141189,0.7026112604167268
0.49743631009375094,0.6703969217101948,0.5760138788133242,0.6375603594845283,0.4132316734365205,0.6850245759227467,0.38887374514715284,0.2873807307672314,0.5055946721953013,0.3261826555398067,0.378100450102206,0.2776879248713081,0.4505507512997528,0.20999531193185672,0.7167711794358567,0.6066427687740029,0.9515543637738453,0.5061649379702645,0.6920637828584328,0.8355723073340274,0.203065036296728,0.56081865753398,0.9455762336390909,0.8468876831572423,0.6082262572673014,0.47160807832711765,0.9944421774186587,0.6954042635816848,0.4606809170567643,0.30775699899688813,0.6320731586885153,0.40072279181729537,0.29921930660524126,0.378812757278145,0.5319217614238765,0.2160295530817405,0.8128487432950946,0.6031606248141068,0.6565629505033101,0.48100722111997724,0.6150868545764061,0.3459085573416811,0.6012237390201569,0.4241208210678864,0.17719752022934082,0.5701281132863003,0.781029836921467,0.5858043281462548,0.8873376139981676,0.3054995450510223,0.4386508984723418,0.8104664292591859,0.722810921695622,0.40489734465601873,0.6219024219211557,0.5384366513136596,0.12138732274224434,0.32683991023993253,0.7054342740866169,0.7113497176038357,0.7670393128337609,0.9322025268945757,0.5491149919589811,0.6216598572886618,0.7193645169832215,0.058387627034690415,0.30046989651279826,0.5840438915979947,0.4864427195024039,0.5142721882155743,0.5681674248379662,0.43813054947319474,0.41200329307725503,0.19735512558241675,0.3313471756894311,0.2690355787166361,0.4575526983606706,0.2936191708250396,0.5214947143169828,0.34735488968919964,0.34136985316948293,0.49274274623855024,0.6765098547984851,0.5980146997691775,0.7779057766120885,0.3407638324004699,0.2190124321489888,0.6588406736753388,0.46281781286213886,0.4869516754694599,0.5399131618109283,0.6579332829024962,0.5320594145634687,0.44232811825401636,0.7125198460065076,0.3400721755084069,0.602801598403242,0.5946692772736428,0.8717095651914477,0.6522461813186894
0.5482062408281432,0.16545883321107607,0.5543969914284108,0.2715968823783062,0.33908968304642545,0.21352835933530684,0.43500143090397203,0.3907643836063086,0.3730570481399505,0.10930417994563268,0.37756227021517963,0.5272903015446673,0.8849452238288487,0.4860164882679855,0.6066427687740029,0.6716525108578569,0.3705863743466205,0.2503703052612762,0.46199107162874553,0.7730476774557038,0.6619503178210475,0.3836544999273404,0.1478789795981612,0.7117116900727214,0.573681767103777,0.7644059745394254,0.5450675986596181,0.15485683082630414,0.9080141599665636,0.6275126164937985,0.8031025140913708,0.7616983670350723,0.33318108547062764,0.7543141343897077,0.5778531955000059,0.7531683435979861,0.6683368140954988,0.7438659274106174,0.24433596430320642,0.24622691123362583,0.03353136994664613,0.6594942394236805,0.07134656545409018,0.42353921376559656,0.39064090251134004,0.5070170230118041,0.37489827381596624,0.537074474387778,0.3690380601521119,0.4225984393220793,0.3158153483487918,0.37775598287702794,0.6213479754699816,0.5455165073059205,0.3031017916949946,0.38135348275927067,0.5223611890793594,0.591146395134849,0.919558194340012,0.21679844155804517,0.2404303724096829,0.2984521831165262,0.42141435003134614,0.6570270629480119,0.4272420003151907,0.4931419566227863,0.22120006773037793,0.4767602480889953,0.4654388037438455,0.8553620133021788,0.7183075354822093,0.6498406462255345,0.1569025060452104,0.6127181239022299,0.3890366520049914,0.7791220404141497,0.16878123959099722,0.450442738658293,0.6702275570386687,0.31677680189341806,0.8134765044578482,0.6792119502418899,0.10820094258216811,0.7794745719950207,0.6489126056514871,0.6996302663036325,0.3935063563064782,0.19173226009886019,0.5862990262486684,0.09819142477262405,0.5262925064722819,0.6171296922992446,0.7735428727206533,0.14750364036610808,0.5855864792107205,0.6610349452394566,0.4805354164985066,0.4377861865384171,0.7059195742032613,0.8652763754492736
0.7310955252637363,0.34081067686374683,0.5158318952774334,0.3343625575986705,0.8041941323243911,0.5415513517945604,0.5702533045378124,0.5473351522202614,0.06760906461045196,0.8200882282394499,0.6551867864479376,0.4962008948640348,0.533246190715821,0.21851336624180362,0.9515543637738453,0.3705863743466205,0.48437877108775973,0.4410242551136935,0.4013344473428026,0.626248397728062,0.464598449482256,0.8483207187755049,0.49599592316532903,0.3972696467929084,0.6659841872077421,0.588006633769435,0.48776594933054473,0.5541299777149418,0.4228145951748204,0.6037325551229311,0.7268479784061697,0.6022225574632443,0.46028651419386307,0.42560873705858776,0.3545926674949522,0.5174120636633426,0.7049417235564839,0.8984111001523146,0.23951225845215596,0.47784263787639936,0.2657926839113201,0.5602845174271189,0.10595293636226583,0.28130382349135785,0.3306910898518023,0.3950356795439953,0.25421120195818475,0.5377084270363366,0.2274163309965791,0.9412098935292456,0.1755095843862695,0.6668269705692929,0.5318675479439139,0.30359748596867225,0.7232469920434911,0.8708803858212719,0.46337320446601893,0.4982807901946255,0.42075687847328297,0.873570016681964,0.7357651952777486,0.44329419129061404,0.6654917913696092,0.44019635939796614,0.9138176071504415,0.44055357519059696,0.24649592402438636,0.9524637484289509,0.3450114284548141,0.1269741450916662,0.5643245028417565,0.45215291230248256,0.4021611873527343,0.5460278177252046,0.5829883786148414,0.6658187539920887,0.7796080538272958,0.5083670425388739,0.5375307834093332,0.5867090399283439,0.27849849145688843,0.33178378021843485,0.2126475329875489,0.8111596601415008,0.7428486522468666,0.6006103364795452,0.33102071857976667,0.4773861413944041,0.2020932965273431,0.4096911695179252,0.2249246738982817,0.6582395104202012,0.31647005454546684,0.5723986977732296,0.542128864797522,0.3192632249168021,0.8432892676679572,0.469056314369015,0.8775175692460013,0.6890529132140222
0.48775470654551734,0.4634369443895523,0.3375889706940694,0.6265584283549634,0.7336072964601088,0.4309065266469751,0.1985103594770381,0.07460027166071564,0.45139768095695426,0.5877639065095613,0.5047522918545777,0.48795256637260404,0.5229570812465392,0.4664401461430799,0.5061649379702645,0.2503703052612762,0.4410242551136935,0.7375028377020653,0.4946715476581808,0.3719739195462914,0.7107867441735732,0.8972514285358995,0.26230052698082584,0.456008368238384,0.7238494666045545,0.509101342419888,0.2005005866945922,0.5776849365207588,0.38921402933351285,0.9205771845263093,0.7602982962998249,0.3498644240777971,0.7477755973270916,0.2144716432949293,0.14052325505316504,0.4717641743999323,0.6242933082394972,0.42748718369885863,0.4964178060546425,0.7463131345653956,0.7603148136649813,0.6137683002441958,0.5015673252539461,0.3363691038775589,0.5750896388039491,0.7826447208528697,0.39183934407777077,0.5268253442549324,0.18055569838707103,0.5957537650138669,0.39900455523636114,0.5691039827945004,0.5549781582522144,0.6613578688032749,0.32778009388359547,0.6996770553355282,0.21670721220688743,0.3474432373709067,0.35225879788970654,0.7037979825392413,0.8617447746360649,0.0707433781466264,0.14997552787644597,0.4076744000003177,0.7192301565475319,0.7600509097400812,0.7238831544130354,0.6212932855080855,0.6686648558406827,0.7446572590792722,0.8726053280904937,0.2539871028005056,0.5518258374398322,0.570755705716361,0.6780906670561566,0.8067291334349826,0.34092715869596835,0.426717544616841,0.8223679824258934,0.2887148091638986,0.5760633053824649,0.5474494613155121,0.054131914792322655,0.2230965211601284,0.6014796784411655,0.2927413581751875,0.4690595101054932,0.5154162745274826,0.532916073580197,0.3116411066759133,0.572615008667872,0.882152228355873,0.9293122072392652,0.4748100756556623,0.83101087421496,0.9250494894328343,0.960502394400987,0.15966372631073283,0.534521205732398,0.5750546295677905
0.3184759613035428,0.17188314290645834,0.4702236461916534,0.8238070925840902,0.4134399040771548,0.6617967437289456,0.7392052804239226,0.4207030675922382,0.8455012711220569,0.4439677775709762,0.2210332706314953,0.7804217457561862,0.37805542450104057,0.8138707010791779,0.6920637828584328,0.46199107162874553,0.4013344473428026,0.4946715476581808,0.5037552456939403,0.7389907065084398,0.49423176402140206,0.44296198816334026,0.3340486071638125,0.2673232262543866,0.46360565332455717,0.3903329602283431,0.8126214040623682,0.2695986554523125,0.4096783826915769,0.659521955420728,0.24908234436584448,0.4430509898372653,0.5355009796598352,0.18559747765515755,0.44375234841618255,0.030041063938413992,0.50887102642039,0.7829432853121603,0.5569762896812074,0.5096546220806769,0.43775962695384835,0.5355121708622196,0.6767990443263268,0.5585283598301041,0.6192602828251076,0.61880084368255,0.5802162408101368,0.6963159381585832,0.11793393334667368,0.8673836483499956,0.30674983298183345,0.46383600116453605,0.3411571905474881,0.5156631946196082,0.8725485277279816,0.5046091936885638,0.9687501798577982,0.1370691198792221,0.45421707095230707,0.19888348346870188,0.5760082714603125,0.31806410043994404,0.029086179840555337,0.05350617471604496,0.5308496006951773,0.5126085142659331,0.26014569197201914,0.6344613358227963,0.7613426728751513,0.7889135317326561,0.24730732155989432,0.41616593380581446,0.8765931454819031,0.45848319175038715,0.638482508037566,0.4366271415586001,0.4742818463678058,0.7005610663228774,0.860530376233001,0.4244809869803191,0.1249154807520686,0.5254889060154047,0.6676004536463926,0.4633653336255175,0.2885666379332419,0.2677241457902342,0.22833396735666117,0.7662085712067447,0.5692070523036332,0.24348619141622263,0.6435834968010045,0.5050881809101246,0.6918464480899935,0.4495923604876762,0.7662280561158652,0.29377326524229597,0.8031075012833794,0.5693622211921401,0.4902844187314902,0.36451012049956666
0.5030132798162257,0.42096892711215117,0.7229845182784383,0.34744595217575985,0.9440440988380061,0.4934564447293235,0.5303399243020445,0.44212329629502195,0.8537828143614474,0.6300223135660616,0.5715299064839048,0.44854664442384723,0.41288126910377615,0.27584247213769403,0.8355723073340274,0.7730476774557038,0.626248397728062,0.3719739195462914,0.7389907065084398,0.9260315570166785,0.5526061391625829,0.5854199303822958,0.4656336884389712,0.09568397575599707,0.7018566626366973,0.683083548221209,0.5557023962879215,0.9554388741857378,0.2501038987228374,0.26260000934922917,0.32355989888819026,0.3011096027777394,0.27202239757531554,0.38458037650076127,0.6044199381980582,0.5756832550240829,0.3279051684011076,0.780003606189037,0.5078795412069267,0.6598601583224848,0.5388308618648519,0.4559358845925139,0.825552343156535,0.5234311452116232,0.26097829940064493,0.3674639964580808,0.3662868080429642,0.6122358950610367,0.6603685402847521,0.49402277268146866,0.7344932159833988,0.7206868284171657,0.07867316918326606,0.38607818317589765,0.26971630627941245,0.23254171752082264,0.3832291135869818,0.5222544081601721,0.8975740658413593,0.6637299463278924,0.6051572513470918,0.3812341373039896,0.23063860162686162,0.48431055490292446,0.7955080941197719,0.8064471581867586,0.9112981112918621,0.6809474504885888,0.23484816586653795,0.33342122100011673,0.41959544164970497,0.47063939524569515,0.3072935693500179,0.7511376237206538,0.8241448902154838,0.7302471893967629,0.7462678879409146,0.6856688632332856,0.4114412075919398,0.5740222790443514,0.8371424849897078,0.40948942723535303,0.40599673214760135,0.4055790554184728,0.3458971767746669,0.6886055539199325,0.5378014914590165,0.4725624304089873,0.7765104253187802,0.5268689733137109,0.9224953311994736,0.25783138601608513,0.3802483851211604,0.49965837935436136,0.5106921655987406,0.08388542181687819,0.8044828583025183,0.513342796559698,0.5271967867855676,0.44496721790633725
